# Created by Octave 4.2.1, Tue Nov 21 13:34:03 2017 GMT <unknown@unknown>
# name: spectrum
# type: matrix
# rows: 256
# columns: 1
 1737253027.820457
 1772983053.336985
 1911273942.907175
 1743377774.413075
 1771341202.0143
 1763488817.080678
 1882139865.338027
 1877775565.559858
 1837045100.985657
 1772158996.80075
 1932418598.327623
 2000892067.679405
 2008510418.528846
 1955816079.357161
 2058822640.489682
 2147154872.649492
 2201774444.224669
 2144809321.206135
 2304899166.674483
 2254363702.082139
 2405086579.352373
 2311066810.488339
 2472865157.229821
 2670926761.542267
 2595461260.420899
 2493202278.242855
 2737036800.238915
 2851778184.20196
 2626947603.236802
 2849895631.783003
 2647339783.385421
 2890394344.644533
 3004595055.523671
 2765029555.34832
 2925216164.09544
 3038972382.243539
 3166295920.1818
 3121261902.329053
 3266717503.016014
 3218913550.752561
 3389100149.209546
 3523892570.265629
 3473551164.675908
 3659524883.685197
 3808101500.148194
 3910763466.438705
 3761289725.36849
 3921832997.830009
 4071592304.694517
 4094483264.42538
 4464572867.539076
 4513604319.78687
 4770945869.893849
 4897356883.379814
 5170115152.501562
 5613416585.421691
 5856336164.636109
 6085480733.893735
 6853528401.379775
 7208403047.911771
 8459255210.449155
 9302327061.62855
 10786977882.43767
 14227205723.89758
 20059732785.74545
 27751308371.48116
 46961125013.20564
 22248683164.37035
 12784911399.33015
 7745053853.950409
 4621611712.374459
 3709796914.277774
 4187519304.341082
 4125632430.542966
 7025912416.622382
 12448386571.17664
 24813199115.03344
 37285791879.56591
 17963672175.56904
 10747401671.33041
 6650107987.319765
 4661671275.526807
 4622665051.147562
 5152994147.647294
 8574077190.942698
 12303361095.60549
 30011626342.46157
 21640447518.49635
 14845444534.08512
 11486995140.60206
 9400868528.515997
 7754252880.399255
 7044524250.471803
 6548653474.622992
 5946085219.891794
 5771242408.01655
 5609920601.386592
 4961242733.684576
 4800599359.387509
 4636198404.726086
 4147239513.876393
 3991572505.378712
 4446757886.278343
 6223042866.792061
 4919180752.564955
 4631560465.808681
 4565873351.714833
 4263790477.564641
 4195307100.804523
 3929516444.394061
 3918998953.459269
 3779167894.830194
 3798938483.226813
 3770869883.353269
 3626283492.093568
 3503008544.381035
 3685864524.190052
 3660174278.03688
 3484335852.004847
 3691328652.633564
 3420143481.257079
 3418085036.48951
 3584866174.759151
 3242909828.931411
 3122399411.731272
 3329478515.989222
 3290936906.909035
 3449026698.732146
 3106409826.386413
 3103369476.158421
 3298321269.742109
 3153282700.41117
 3263344772.606628
 3336853597.786453
 3241259090.491604
 2981019064.68893
 2926196654.790617
 3121519567.506102
 2922527292.519222
 2994396134.116945
 2836313040.081703
 2966731385.599443
 3006290970.96383
 3020378210.191661
 2977729008.85835
 2960376861.240386
 3049785461.459014
 3120429985.566628
 3012348905.94526
 3312466415.517644
 2970011540.847356
 2721876004.00927
 2688552653.31248
 2743109876.275302
 2863419361.636225
 2919293634.084632
 3091271489.656108
 3087237995.186664
 2853556472.839708
 2793775726.675868
 2681227152.495758
 2622209873.265848
 2598400137.618462
 2728884941.473393
 2788481553.079593
 2656235231.580758
 2895879731.311652
 2664062544.855175
 2725619546.417015
 2698700291.528439
 2662622072.322323
 2771044793.689339
 2581305904.189384
 2797306137.403327
 2647664911.682417
 2727132594.789125
 2599956538.150745
 2672978525.84351
 2738224837.54238
 2694170943.850508
 2681606481.530668
 2530326009.161455
 2572524367.401613
 2632189918.233328
 2655313233.139094
 2545780230.945807
 2612367442.718406
 2719367922.432083
 2645864148.237622
 2785085606.278513
 2680979931.853908
 2691206750.772953
 2574195869.38306
 2483114456.978692
 2446901199.717597
 2813125599.505953
 2641886997.275134
 2473300139.609526
 2577322685.855736
 2759061345.193631
 2534999362.793952
 2533838757.743931
 2530368247.293823
 2577841463.012779
 2707069336.29762
 2625676290.78083
 2695069008.302593
 2717959712.903541
 2485107699.862575
 2504344500.136975
 2518080416.668793
 2371957968.464923
 2410574244.200555
 2524153505.782556
 2487198958.464437
 2356084905.295866
 2353055652.719735
 2461162905.575458
 2539010316.351233
 2319775068.409572
 2457682612.244711
 2336974229.368937
 2341863422.719367
 2255072655.963113
 2423323959.084269
 2274842420.427867
 2209260686.631963
 2192099873.799284
 2303075853.234419
 2220402000.168054
 2051259444.666763
 2144765128.684044
 2163575816.169146
 2127170309.806744
 1945071689.484091
 2069444170.257739
 2144824612.718566
 2015137239.439618
 1907006556.201509
 2027584091.410421
 1817146278.13003
 1950933895.318994
 1963796875.302267
 1825003901.948848
 1666851189.959426
 1813025845.212727
 1753019112.887648
 1762571700.974864
 1748824151.353636
 1712937396.169195
 1711705984.987621
 1667470275.278753
 1633455415.146199
 1785999520.747302
 1765035932.286257
 1744226408.073639


